Parão:
	Ordenado:
	Reverso:
	Randomico

QuickcomPivo:
	523776	0	1572351		0		19376
	523776	0	1048063		0		11437
	10951	0	23941		0		318

QuickSemPivo
	2046	0	534006		0		4080
	2046	0	534006		0		4229
	4890	0	35297		0		346
Bolha:
	533776	0	1047552		0		6455
	523776	0	2095104		0		12973
	523776	0	1547482		0		9481
Bucket:
	51516	0	86085		0		44
	51419	0	84985		0		34
	52258	0	86949		0		32
Comb:
	19168	0	38336		0		365
	20191	0	43666		0		475
	22237	0	53062		0		476
Count:
	2048	0	5120		0		46
	2048	0	5120		0		42
	2048	0	5120		0		45
Gnome:
	1023	0	2046		0		21
	1047552	0	3142656		0		22512
	515926	0	1546766		0		11280
Heap:
	523776	0	806650		0		6112
	523776	0	804882		0		6148
	523776	0	806472		0		6102
Inserção Binária:
	9209	0	11255		0		95
	8723	0	1058321		0		8054
	8459	0	518201		0		4007
Inserção Direta:
	1023	0	3069		0		31
	524799	0	1050621		0		7582
	259076	0	519175		0		3921
MergeP:
	55	0	28784		0		330
	55	0	28784		0		315
	55	0	28784		0		327
MergeS:
	5120	0	15360		0		406
	5120	0	25600		0		408
	8964	0	28180		0		403
Radix:
	8192	0	20480		0		180
	8192	0	20480		0		220
	8192	0	20480		0		185
SelectSort:
	526845	0	524799		0		3824
	526845	0	786943		0		5645
	526845	0	530388		0		3833
Shake:
	523776	0	1047552		0		7303
	523776	0	2095104		0		14930
	523776	0	1575720		0		11360
Shell:
	3065	0	6130		0		54
	5109	0	532466		0		6093
	5065	0	344094		0		4033
Tim:
	20480	0	184320		0		1409
	20480	0	184320		0		1393
	24515	0	188355		0		1406